E:\jetsonnanoModel\yolov7-pytorch\VOCdevkit/VOC2007/JPEGImages/1.jpg 186,32,215,109,0 194,72,224,133,0 178,117,210,183,0 189,161,224,226,0 182,212,212,288,0 193,256,231,317,0 183,311,215,376,0 197,301,232,360,0 203,349,236,411,0 184,373,219,428,0 196,396,235,451,0 195,437,230,490,1 203,480,231,525,0
E:\jetsonnanoModel\yolov7-pytorch\VOCdevkit/VOC2007/JPEGImages/10.jpg 201,23,225,85,0 190,83,213,130,0 219,83,243,136,0 197,123,217,176,0 217,156,242,210,0 186,172,212,224,0 186,220,217,285,0 219,209,245,275,0 216,267,244,326,0 196,278,218,334,0 188,325,217,379,0 212,321,242,376,0 186,374,212,431,0 216,373,239,423,0 188,418,214,471,0 212,416,241,468,0 188,464,215,511,1 218,466,243,512,1 200,508,230,543,0
E:\jetsonnanoModel\yolov7-pytorch\VOCdevkit/VOC2007/JPEGImages/100.jpg 802,473,962,734,0 780,662,965,870,0 759,839,878,1084,0 855,874,975,1093,0 759,1072,900,1311,0 861,1080,992,1307,0 725,1310,877,1581,0 853,1345,978,1570,0 755,1566,878,1826,0 853,1595,994,1841,0 734,1795,863,2032,0 867,1812,992,2030,0 748,1997,888,2237,1 857,2051,982,2264,1 744,2239,871,2474,1 836,2219,988,2448,1 771,2407,925,2630,1
E:\jetsonnanoModel\yolov7-pytorch\VOCdevkit/VOC2007/JPEGImages/101.jpg 580,393,746,668,0 523,670,689,917,0 678,666,791,894,0 563,889,695,1153,0 702,926,815,1164,0 566,1147,704,1464,0 687,1160,821,1455,0 585,1477,743,1702,0 695,1455,874,1698,0 615,1689,755,1936,0 738,1747,859,1985,0 615,1915,738,2202,0 774,1951,878,2207,0 612,2151,732,2449,0 751,2175,878,2426,0 689,2400,804,2638,1 804,2379,927,2617,1 698,2598,846,2792,1
E:\jetsonnanoModel\yolov7-pytorch\VOCdevkit/VOC2007/JPEGImages/102.jpg 779,206,948,613,0 733,576,877,937,0 835,686,996,989,0 679,879,804,1201,0 799,969,999,1247,0 679,1174,833,1520,0 806,1230,972,1515,0 682,1467,813,1818,0 806,1547,950,1828,0 648,1759,794,2077,0 787,1857,965,2106,0 660,2035,809,2328,0 823,2118,977,2404,0 660,2267,845,2515,0 679,2493,809,2749,1 752,2537,916,2761,1 667,2711,823,2942,0
E:\jetsonnanoModel\yolov7-pytorch\VOCdevkit/VOC2007/JPEGImages/105.jpg 757,644,904,935,1 789,932,913,1159,1 892,779,1013,983,1 916,944,1033,1198,1 818,1132,984,1366,1 984,1203,1109,1476,1 852,1364,992,1576,1 877,1566,1031,1827,1 1006,1544,1143,1818,1 899,1805,1072,2064,1 1077,1844,1204,2083,1 951,1994,1102,2282,1 1065,2069,1228,2322,1 972,2274,1133,2554,1 1160,2330,1299,2615,1 992,2488,1135,2774,1 1177,2559,1301,2798,1 1058,2720,1190,2974,1 1155,2744,1296,2942,1
E:\jetsonnanoModel\yolov7-pytorch\VOCdevkit/VOC2007/JPEGImages/106.jpg 530,457,659,764,0 460,715,589,957,0 564,698,718,947,0 452,930,596,1218,0 579,901,772,1132,0 599,1037,767,1354,0 486,1223,630,1493,0 628,1303,777,1581,0 518,1464,660,1725,0 650,1564,838,1862,0 555,1737,706,2008,0 747,1815,862,2130,0 606,1964,799,2213,0 782,2050,906,2386,0 640,2165,837,2448,0 823,2250,947,2554,0 669,2418,847,2676,0 823,2496,957,2764,0 691,2645,860,2840,1 905,2681,1029,2959,1 740,2815,930,2989,1 857,2923,1018,3150,1
E:\jetsonnanoModel\yolov7-pytorch\VOCdevkit/VOC2007/JPEGImages/107.jpg 491,457,659,753,1 412,736,583,976,1 581,774,729,974,1 459,987,612,1217,1 617,961,787,1187,1 517,1134,655,1344,1 659,1129,766,1342,1 574,1334,721,1576,1 723,1266,838,1546,1 604,1510,746,1783,1 768,1557,857,1783,1 685,1753,829,1951,1 810,1766,953,1989,1 702,1925,819,2146,1 838,1972,970,2159,1 778,2129,885,2323,1 902,2125,1004,2306,1 817,2302,927,2502,1 910,2302,1017,2489,1
E:\jetsonnanoModel\yolov7-pytorch\VOCdevkit/VOC2007/JPEGImages/108.jpg 585,226,749,514,1 558,456,696,694,1 682,509,804,823,1 565,675,694,954,1 677,760,834,1064,1 575,904,735,1194,1 718,1033,865,1335,1 604,1173,787,1435,1 729,1294,899,1589,1 625,1411,818,1747,1 763,1552,923,1861,1 680,1725,846,1994,1 811,1811,942,2128,1 701,1973,865,2247,1 865,2075,987,2354,1 742,2197,904,2480,1 906,2325,1035,2583,1 789,2411,942,2685,1 930,2578,1035,2775,1 806,2663,973,2878,1 937,2740,1077,2966,1
E:\jetsonnanoModel\yolov7-pytorch\VOCdevkit/VOC2007/JPEGImages/109.jpg 1008,139,1154,454,0 1050,299,1192,550,0 952,432,1092,699,0 1054,565,1205,836,0 945,708,1085,979,0 1043,859,1192,1119,0 928,963,1083,1263,0 1065,1103,1190,1388,0 945,1256,1103,1559,0 1077,1363,1219,1685,0 928,1510,1123,1843,0 1088,1692,1243,1963,0 1128,1965,1265,2223,0 970,1774,1146,2090,1 968,2061,1154,2348,1 1143,2174,1277,2456,1 997,2343,1165,2596,1 1132,2479,1259,2694,1 1023,2588,1188,2810,1
E:\jetsonnanoModel\yolov7-pytorch\VOCdevkit/VOC2007/JPEGImages/11.jpg 175,1,210,45,0 201,18,226,88,0 173,49,198,111,0 199,76,225,142,0 169,115,197,163,0 207,125,233,195,0 177,162,206,217,0 209,194,241,251,0 210,246,240,307,0 184,207,214,279,0 187,266,216,323,0 210,301,241,370,0 182,317,212,383,0 184,371,215,432,0 213,366,243,418,0 188,419,218,488,1 213,420,240,469,1 211,467,245,523,0
E:\jetsonnanoModel\yolov7-pytorch\VOCdevkit/VOC2007/JPEGImages/110.jpg 1370,411,1567,801,1 1313,723,1484,1035,1 1455,774,1626,1050,1 1272,971,1413,1335,1 1394,1079,1592,1347,1 1229,1273,1375,1620,1 1360,1369,1545,1628,1 1177,1608,1331,1935,1 1321,1615,1496,1889,1 1162,1876,1326,2145,1 1296,1879,1487,2108,1 1133,2091,1277,2357,1 1248,2137,1445,2332,1 1077,2318,1226,2569,1 1199,2313,1384,2542,1 1021,2491,1189,2745,1 1165,2509,1332,2718,1 1060,2693,1228,2906,1
E:\jetsonnanoModel\yolov7-pytorch\VOCdevkit/VOC2007/JPEGImages/111.jpg 162,125,489,396,1 305,369,573,557,1 518,246,737,594,1 734,371,959,753,1 662,653,950,900,1 889,746,1066,1048,1 727,844,930,1184,1 893,994,1096,1328,1 741,1155,934,1512,1 905,1323,1080,1646,1 739,1507,921,1812,1 907,1605,1071,1921,1 732,1789,952,2100,1 912,1991,1084,2219,1 939,2184,1080,2459,1 807,2325,948,2621,1 898,2498,1048,2694,1 766,2555,918,2825,1
E:\jetsonnanoModel\yolov7-pytorch\VOCdevkit/VOC2007/JPEGImages/112.jpg 821,356,966,621,1 835,193,1028,471,0 970,404,1079,741,0 865,619,1004,861,0 989,678,1111,988,0 879,878,1028,1141,0 1001,932,1138,1278,0 879,1083,1043,1371,0 1026,1229,1187,1532,0 928,1407,1079,1693,0 1062,1510,1216,1827,0 955,1685,1096,1963,0 1077,1778,1228,2117,0 976,1944,1146,2285,0 1106,2039,1267,2388,0 1140,2308,1289,2625,1 1021,2298,1157,2573,1 1040,2534,1165,2761,1 1180,2585,1326,2854,1 1038,2763,1209,2934,1
E:\jetsonnanoModel\yolov7-pytorch\VOCdevkit/VOC2007/JPEGImages/113.jpg 895,611,1052,937,1 992,866,1116,1183,1 840,868,1018,1161,1 823,1135,1026,1461,1 1026,1137,1147,1430,1 895,1431,1071,1766,1 1047,1433,1161,1709,1 909,1713,1064,2002,1 1049,1709,1192,2002,1 933,2011,1090,2285,1 1066,1987,1192,2249,1 952,2252,1128,2494,1 1111,2204,1257,2475,1 985,2463,1142,2690,1 1147,2440,1259,2697,1 1016,2696,1188,2916,1 1154,2647,1261,2909,1
E:\jetsonnanoModel\yolov7-pytorch\VOCdevkit/VOC2007/JPEGImages/114.jpg 738,726,948,1065,1 726,968,943,1260,1 945,1001,1099,1319,1 789,1282,1092,1568,1 1060,1341,1238,1626,1 884,1473,1092,1838,1 1062,1582,1252,1860,1 938,1773,1121,2048,1 1106,1819,1265,2082,1 1016,2036,1172,2312,1 1165,2107,1333,2358,1 1048,2287,1189,2556,1 1184,2334,1352,2568,1 1057,2538,1187,2760,1 1184,2575,1338,2790,1 1038,2677,1157,2914,1 1140,2802,1326,2975,1
E:\jetsonnanoModel\yolov7-pytorch\VOCdevkit/VOC2007/JPEGImages/115.jpg 788,252,942,598,1 892,245,1054,564,1 799,619,997,869,1 964,526,1136,860,1 876,848,1028,1131,1 1013,819,1185,1129,1 914,1133,1087,1464,1 1042,1102,1216,1421,1 990,1431,1140,1721,1 1105,1350,1261,1659,1 1018,1696,1194,2017,1 1149,1637,1323,1983,1 1033,2017,1202,2257,1 1185,1964,1349,2240,1 1083,2186,1242,2507,1 1190,2188,1357,2466,1 1126,2486,1278,2760,1 1238,2438,1373,2719,1 1252,2664,1376,2926,1
E:\jetsonnanoModel\yolov7-pytorch\VOCdevkit/VOC2007/JPEGImages/116.jpg 801,699,938,1034,0 689,955,852,1180,0 799,1073,965,1341,0 677,1185,833,1426,0 826,1355,955,1614,0 667,1380,823,1663,0 850,1553,989,1841,0 662,1646,835,1926,0 818,1846,972,2104,0 684,1889,862,2187,0 682,2153,870,2426,0 848,2119,974,2385,0 692,2358,845,2580,0 833,2336,977,2599,0 704,2599,845,2783,1 813,2580,938,2785,1 748,2768,921,2941,1 811,2936,938,3104,1
E:\jetsonnanoModel\yolov7-pytorch\VOCdevkit/VOC2007/JPEGImages/117.jpg 569,408,702,705,0 683,508,817,767,0 545,683,688,1007,0 669,755,800,1019,0 529,927,657,1224,0 647,1006,781,1275,0 554,1217,692,1488,0 671,1215,814,1529,0 550,1481,686,1774,0 679,1503,814,1767,0 548,1774,693,2043,0 664,1769,800,2062,0 562,2031,717,2291,0 685,2083,819,2343,0 546,2293,707,2512,0 710,2341,826,2543,0 581,2496,679,2753,1 679,2531,807,2779,1
E:\jetsonnanoModel\yolov7-pytorch\VOCdevkit/VOC2007/JPEGImages/118.jpg 171,570,341,863,1 91,872,303,1098,1 261,838,447,1119,1 205,1105,364,1377,1 371,1092,522,1387,1 240,1387,387,1640,1 394,1370,547,1661,1 319,1626,505,1912,1 480,1640,654,1935,1 412,1910,585,2145,1 589,1933,747,2194,1 478,2135,659,2396,1 661,2135,815,2401,1 592,2380,747,2605,1 752,2401,882,2603,1 675,2584,833,2784,1 824,2628,924,2847,1
E:\jetsonnanoModel\yolov7-pytorch\VOCdevkit/VOC2007/JPEGImages/119.jpg 352,446,504,663,1 478,399,647,725,1 438,668,583,941,1 573,644,721,934,1 523,920,661,1163,1 642,875,781,1165,1 492,1134,688,1408,1 671,1120,811,1422,1 583,1420,766,1703,1 747,1368,890,1679,1 669,1660,821,1937,1 819,1651,957,1944,1 721,1941,890,2184,1 885,1894,1019,2172,1 778,2199,954,2460,1 933,2206,1023,2453,1 842,2453,981,2682,1 969,2427,1081,2651,1 902,2632,1016,2884,1 995,2663,1123,2884,1 907,2885,993,3104,1 990,2894,1123,3065,1 814,2718,931,2987,1
E:\jetsonnanoModel\yolov7-pytorch\VOCdevkit/VOC2007/JPEGImages/12.jpg 126,1,163,58,0 142,46,181,102,0 128,70,155,119,0 155,100,180,167,0 127,110,154,173,0 127,155,152,227,0 156,159,180,221,0 159,216,187,270,0 130,222,157,273,0 160,270,189,328,0 131,279,165,336,0 132,331,163,391,0 163,322,189,381,0 172,365,201,424,0 129,387,171,430,0 171,422,191,474,0 132,438,176,478,1 163,476,193,506,0
E:\jetsonnanoModel\yolov7-pytorch\VOCdevkit/VOC2007/JPEGImages/120.jpg 876,452,1059,707,1 834,686,951,880,1 955,671,1081,907,1 881,879,1032,1105,1 912,1084,1015,1341,1 1021,907,1157,1130,1 1034,1120,1168,1371,1 925,1337,1053,1577,1 1063,1367,1185,1601,1 959,1596,1093,1845,1 1081,1596,1232,1837,1 985,1824,1132,2075,1 1098,1843,1285,2081,1 1015,2028,1104,2260,1 1106,2062,1249,2316,1 1040,2241,1140,2454,1 1140,2275,1257,2490,1 1061,2437,1193,2677,1
E:\jetsonnanoModel\yolov7-pytorch\VOCdevkit/VOC2007/JPEGImages/121.jpg 603,280,756,543,0 696,234,833,508,0 777,420,915,706,0 710,627,866,943,0 877,824,1015,1173,0 749,992,908,1261,0 803,1210,947,1503,0 941,1184,1078,1482,0 868,1489,1008,1803,0 1008,1461,1154,1775,0 1012,1694,1194,2031,1 901,1894,1126,2166,1 1068,2027,1238,2352,1 952,2061,1142,2401,1 1008,2322,1168,2636,1 1158,2322,1281,2638,1 1073,2594,1235,2857,1 1217,2599,1338,2866,1
E:\jetsonnanoModel\yolov7-pytorch\VOCdevkit/VOC2007/JPEGImages/122.jpg 1177,218,1296,621,0 1291,304,1440,648,0 1089,539,1196,857,0 1182,655,1331,897,0 1042,792,1184,1102,0 1147,888,1347,1150,0 997,1031,1161,1348,0 1082,1109,1280,1390,0 959,1299,1115,1609,0 1059,1420,1219,1655,0 933,1562,1077,1906,0 1056,1685,1201,1948,0 896,1860,1040,2133,0 1033,1895,1196,2171,0 882,2081,1035,2364,1 991,2146,1163,2388,1 868,2332,1012,2597,1 968,2381,1126,2634,1 856,2536,977,2774,1 970,2627,1142,2848,1 901,2774,1045,2992,1
E:\jetsonnanoModel\yolov7-pytorch\VOCdevkit/VOC2007/JPEGImages/123.jpg 854,381,1059,715,0 818,605,1002,895,0 968,676,1161,964,0 818,841,1009,1157,0 966,924,1128,1217,0 823,1114,995,1433,0 985,1141,1159,1445,0 852,1421,1026,1729,0 1016,1414,1176,1743,0 885,1733,1047,2052,0 1045,1771,1171,2048,0 911,2081,1061,2355,0 1078,2086,1223,2333,0 954,2314,1099,2612,1 1073,2324,1245,2576,1 976,2591,1119,2874,1 1088,2583,1228,2826,1 975,2850,1122,3091,1 1097,2824,1257,3055,1
E:\jetsonnanoModel\yolov7-pytorch\VOCdevkit/VOC2007/JPEGImages/124.jpg 879,495,1028,852,1 1013,489,1168,823,1 873,833,1030,1144,1 1007,816,1156,1069,1 873,1133,1015,1412,1 979,1055,1145,1344,1 854,1404,990,1661,1 979,1350,1107,1606,1 756,1197,900,1495,1 705,1455,858,1761,1 922,1593,1102,1863,1 802,1667,951,1944,1 651,1774,832,2023,1 736,1916,879,2174,1 866,1914,1002,2125,1 658,2065,813,2284,1 883,2093,1007,2355,1 756,2176,883,2416,1 722,2355,860,2595,1 856,2325,979,2550,1 762,2555,900,2738,1
E:\jetsonnanoModel\yolov7-pytorch\VOCdevkit/VOC2007/JPEGImages/126.jpg 833,377,961,687,0 666,519,781,842,0 786,615,938,872,0 639,809,819,1097,0 764,827,973,1097,1 713,1075,871,1380,0 816,1030,1001,1350,1 803,1395,988,1685,0 953,1332,1101,1585,0 883,1625,1078,1890,0 1066,1597,1236,1897,0 1044,1932,1236,2212,0 1198,1822,1341,2165,0 953,2017,1158,2287,0 1083,2217,1235,2457,0 1231,2190,1388,2430,0 1148,2457,1298,2737,1 1281,2422,1426,2722,1 1183,2704,1328,2979,1 1296,2705,1431,2940,1 1148,2962,1301,3192,1 1268,2922,1431,3172,1 1073,2765,1271,2977,1
E:\jetsonnanoModel\yolov7-pytorch\VOCdevkit/VOC2007/JPEGImages/127.jpg 859,360,1045,672,0 776,572,932,872,0 915,582,1045,875,0 820,855,993,1121,0 996,851,1147,1141,0 884,1136,1047,1460,0 1054,1155,1179,1448,0 893,1472,1108,1804,0 1074,1470,1228,1762,0 970,1806,1141,2108,0 1103,1797,1296,2116,0 984,2089,1167,2382,1 1130,2128,1293,2382,1 1052,2370,1181,2638,1 1118,2372,1281,2657,1 1059,2665,1204,2894,1 1181,2653,1306,2870,1 1096,2843,1220,3109,1 1198,2884,1347,3123,1
E:\jetsonnanoModel\yolov7-pytorch\VOCdevkit/VOC2007/JPEGImages/129.jpg 956,488,1136,819,0 828,737,987,1005,0 950,773,1104,990,0 894,954,1028,1203,0 1048,915,1172,1229,0 889,1168,1033,1486,0 1052,1188,1223,1505,0 926,1466,1074,1803,0 1057,1464,1223,1827,0 945,1737,1089,2073,0 1077,1764,1260,2090,0 967,2044,1106,2347,0 1104,2027,1272,2329,0 962,2290,1121,2634,0 1082,2322,1274,2605,0 1012,2602,1201,2849,1 1043,2856,1231,3112,0
E:\jetsonnanoModel\yolov7-pytorch\VOCdevkit/VOC2007/JPEGImages/130.jpg 802,295,962,697,0 877,492,1044,795,0 770,671,925,974,0 888,760,1086,1081,0 751,934,939,1190,0 839,1088,998,1420,0 979,1122,1109,1392,0 770,1157,960,1536,0 974,1346,1102,1669,0 788,1481,949,1822,0 1029,1627,1163,1964,0 870,1739,1051,2007,0 800,1878,991,2148,0 925,1941,1123,2290,0 811,2083,953,2418,1 930,2266,1098,2494,0 798,2411,956,2634,0 930,2478,1100,2748,1 811,2560,958,2841,1 958,2688,1086,2920,1
E:\jetsonnanoModel\yolov7-pytorch\VOCdevkit/VOC2007/JPEGImages/131.jpg 815,384,976,710,0 757,556,932,835,0 804,800,922,1137,0 920,791,1048,1170,0 771,1103,906,1410,0 906,1096,1060,1468,0 762,1354,857,1677,1 876,1365,1041,1765,1 715,1610,873,2007,1 876,1723,1021,2044,0 701,1975,836,2263,1 841,2061,987,2361,0 692,2207,850,2540,1 804,2321,969,2607,1 660,2479,792,2761,1 801,2551,934,2856,1 692,2717,860,2979,1
E:\jetsonnanoModel\yolov7-pytorch\VOCdevkit/VOC2007/JPEGImages/132.jpg 855,277,1026,602,0 908,546,1030,856,0 1016,536,1165,860,0 882,794,1055,1167,0 1038,741,1199,1058,0 913,1050,1101,1416,0 1055,1038,1209,1370,0 979,1324,1099,1702,0 1099,1328,1274,1689,0 994,1655,1152,2007,0 1150,1653,1306,2031,0 992,1950,1174,2324,0 1177,1999,1321,2343,0 1040,2270,1218,2624,0 1170,2275,1352,2638,0 1016,2563,1204,2899,1 1192,2563,1328,2892,1 1101,2816,1289,3092,1
E:\jetsonnanoModel\yolov7-pytorch\VOCdevkit/VOC2007/JPEGImages/134.jpg 1036,155,1224,512,0 928,380,1097,688,0 1078,414,1257,685,0 923,638,1088,1033,0 1068,699,1242,1028,0 923,1011,1073,1304,0 1038,1064,1209,1368,0 904,1280,1033,1647,0 1004,1357,1214,1699,0 838,1611,1018,1959,0 1002,1711,1159,2021,0 1099,1818,1264,2078,0 854,1957,1018,2264,0 1042,2090,1216,2338,0 892,2226,1026,2554,1 1026,2318,1185,2585,1 904,2547,1049,2838,1 1054,2611,1209,2840,1 923,2802,1107,3035,1
E:\jetsonnanoModel\yolov7-pytorch\VOCdevkit/VOC2007/JPEGImages/135.jpg 727,363,886,637,0 658,606,813,844,0 801,592,941,823,0 624,825,760,1121,0 763,844,922,1109,0 572,1123,736,1404,0 710,1116,882,1411,0 565,1379,742,1674,0 708,1409,863,1702,0 553,1675,719,1978,0 701,1718,893,1987,0 515,1947,724,2254,0 722,1966,882,2237,0 660,2171,846,2494,1 593,2435,791,2706,1 793,2440,943,2771,0 639,2663,827,2918,1
E:\jetsonnanoModel\yolov7-pytorch\VOCdevkit/VOC2007/JPEGImages/136.jpg 1434,363,1565,617,1 1345,523,1483,763,1 1185,704,1296,921,1 1196,825,1481,1082,1 1062,869,1162,1163,1 1056,1071,1258,1279,1 921,1100,1037,1384,1 950,1294,1146,1513,1 810,1344,923,1607,1 846,1532,1046,1742,1 719,1588,827,1852,1 773,1771,948,1969,1 669,1844,752,2088,1 723,1990,889,2190,1 623,2025,710,2286,1 704,2200,823,2386,1 602,2267,698,2467,1 689,2365,804,2546,1 566,2415,669,2634,1 635,2519,802,2744,1
E:\jetsonnanoModel\yolov7-pytorch\VOCdevkit/VOC2007/JPEGImages/137.jpg 875,317,1012,631,0 950,420,1137,702,0 801,644,937,922,0 910,684,1039,962,0 779,895,866,1162,0 872,953,1026,1222,0 706,1089,837,1357,0 817,1182,992,1444,0 690,1344,792,1680,0 799,1444,968,1680,0 646,1631,775,1909,0 817,1566,970,1811,0 770,1760,937,2015,0 635,1884,812,2206,0 783,2053,963,2275,1 586,2116,726,2385,1 699,2222,843,2437,1 626,2351,719,2584,1 712,2437,855,2651,1 643,2609,781,2789,1
E:\jetsonnanoModel\yolov7-pytorch\VOCdevkit/VOC2007/JPEGImages/139.jpg 1011,123,1174,506,0 933,387,1079,704,0 1074,460,1201,775,0 1140,633,1267,887,0 938,704,1050,1033,0 1033,828,1157,1099,0 1118,894,1270,1204,0 916,1058,1033,1370,0 1057,1094,1201,1394,0 914,1326,1043,1646,0 1011,1394,1194,1687,0 909,1643,1018,1965,0 1040,1658,1223,1980,0 884,1891,1011,2181,0 1026,1982,1162,2253,0 926,2155,1123,2482,1 831,2402,1021,2665,1 1016,2462,1162,2738,1 892,2662,1096,2880,1 928,2884,1138,3065,1
E:\jetsonnanoModel\yolov7-pytorch\VOCdevkit/VOC2007/JPEGImages/14.jpg 127,1,153,77,0 139,43,166,114,0 110,81,142,139,0 149,108,180,182,0 114,132,148,190,0 152,166,181,233,0 122,176,158,245,0 161,230,183,300,0 130,240,161,305,0 134,308,173,370,0 165,305,193,362,0 179,360,211,419,0 149,372,180,431,0 154,425,184,480,0 180,421,210,478,0 187,464,211,522,1 162,477,186,526,1 189,512,212,557,0 168,526,194,564,0
E:\jetsonnanoModel\yolov7-pytorch\VOCdevkit/VOC2007/JPEGImages/141.jpg 986,213,1144,506,1 953,378,1069,620,1 921,536,1097,790,1 1051,555,1223,843,1 972,778,1104,1085,1 1128,806,1251,1113,1 977,1069,1161,1362,1 1114,1041,1279,1313,1 995,1313,1148,1599,1 1121,1348,1283,1669,1 1009,1592,1160,1918,1 1158,1645,1293,1922,1 1028,1931,1204,2178,1 1148,1894,1295,2178,1 1032,2134,1169,2385,1 1167,2097,1283,2355,1 1025,2394,1148,2641,1 1158,2385,1288,2645,1 1071,2655,1174,2845,1 1153,2638,1269,2843,1
E:\jetsonnanoModel\yolov7-pytorch\VOCdevkit/VOC2007/JPEGImages/142.jpg 1090,429,1219,735,0 1126,592,1274,890,0 1017,763,1181,988,0 1024,933,1149,1167,0 1131,872,1276,1115,0 1049,1138,1147,1383,0 1142,1088,1317,1388,0 1024,1401,1169,1704,0 1169,1394,1292,1694,0 1126,1642,1267,1945,0 1017,1822,1169,2117,0 1131,1867,1288,2206,0 1017,2081,1144,2331,0 1108,2154,1276,2454,1 1108,2433,1283,2685,1 1122,2672,1288,2876,1 1010,2285,1133,2551,1
E:\jetsonnanoModel\yolov7-pytorch\VOCdevkit/VOC2007/JPEGImages/143.jpg 767,96,924,384,0 881,212,1027,491,0 717,315,865,591,0 784,612,967,910,0 877,479,1022,669,0 700,860,848,1118,0 838,881,1012,1124,0 705,1122,884,1419,0 877,1160,1036,1434,0 715,1427,865,1710,0 850,1434,1010,1686,0 717,1693,857,1960,0 833,1703,998,1996,0 693,2000,843,2297,0 829,2058,977,2308,0 681,2303,827,2529,0 838,2310,1005,2562,0 698,2503,812,2760,1 736,2727,893,2977,0 805,2541,950,2741,1
E:\jetsonnanoModel\yolov7-pytorch\VOCdevkit/VOC2007/JPEGImages/145.jpg 1394,325,1552,656,1 1340,610,1464,863,1 1431,639,1594,861,1 1294,844,1419,1125,1 1379,861,1540,1147,1 1211,1103,1350,1378,1 1321,1105,1478,1432,1 1133,1395,1306,1700,1 1273,1386,1451,1708,1 1111,1708,1289,2010,1 1260,1688,1435,1966,1 1067,1944,1233,2215,1 1233,1969,1399,2232,1 1057,2225,1187,2481,1 1145,2269,1333,2542,1 1055,2488,1221,2717,1 1179,2473,1370,2717,1 1035,2700,1184,2964,1
E:\jetsonnanoModel\yolov7-pytorch\VOCdevkit/VOC2007/JPEGImages/146.jpg 1306,58,1466,417,0 1145,305,1312,596,0 1302,360,1464,624,0 1072,565,1241,908,0 1199,567,1416,877,0 969,880,1129,1185,0 1133,884,1297,1122,0 874,1148,1059,1427,0 1040,1155,1242,1403,0 810,1400,971,1662,0 957,1403,1166,1677,1 914,1617,1049,1929,1 773,1627,942,1972,1 816,1931,985,2205,1 676,1965,866,2238,1 659,2222,799,2429,1 790,2150,971,2471,1 576,2411,769,2678,1 702,2415,873,2691,1 731,2618,891,2853,1 583,2638,747,2929,1
E:\jetsonnanoModel\yolov7-pytorch\VOCdevkit/VOC2007/JPEGImages/15.jpg 96,7,126,67,0 125,39,157,99,0 90,68,114,133,0 117,83,148,138,0 129,114,152,174,0 88,127,114,199,0 113,139,138,201,0 130,180,153,229,0 95,199,121,262,0 118,207,142,268,0 134,233,162,294,0 91,261,120,334,0 115,270,140,333,0 135,280,167,355,0 90,317,117,391,0 116,333,140,397,0 143,341,168,407,0 94,379,124,445,0 127,395,154,452,0 104,438,127,495,0 128,445,154,503,1 107,490,143,543,0
E:\jetsonnanoModel\yolov7-pytorch\VOCdevkit/VOC2007/JPEGImages/150.jpg 723,262,965,592,1 754,523,931,769,1 910,562,1075,802,1 789,746,945,1032,1 912,771,1040,1027,1 1017,885,1124,1132,1 868,992,1061,1313,1 1089,1106,1219,1378,1 931,1295,1077,1571,1 1056,1337,1205,1583,1 982,1578,1091,1862,1 1129,1469,1238,1711,1 1082,1650,1184,1897,1 1154,1660,1282,1920,1 1038,1846,1124,2123,1 1131,1927,1238,2134,1 1191,1992,1354,2299,1 1066,2106,1196,2395,1 1215,2244,1377,2502,1 1054,2360,1147,2620,1 1126,2448,1282,2683,1 1201,2509,1377,2711,1 1045,2571,1145,2818,1 1119,2674,1233,2837,1 1194,2769,1342,2925,1 1059,2823,1184,3050,1
E:\jetsonnanoModel\yolov7-pytorch\VOCdevkit/VOC2007/JPEGImages/153.jpg 840,429,1042,773,0 814,694,937,1004,0 894,762,1056,1025,0 821,980,928,1271,0 905,1041,1070,1306,0 800,1257,910,1576,0 891,1332,1059,1618,0 766,1592,910,1859,0 884,1585,1080,1897,0 784,1829,903,2115,0 889,1878,1054,2143,0 777,2104,877,2359,0 882,2164,1038,2434,0 778,2374,898,2639,1 866,2434,1035,2664,1 800,2632,900,2850,1 924,2657,1063,2859,1 852,2829,1003,3064,1
E:\jetsonnanoModel\yolov7-pytorch\VOCdevkit/VOC2007/JPEGImages/155.jpg 958,205,1118,570,0 983,394,1155,708,0 869,449,1004,784,0 830,680,932,954,0 955,663,1097,1012,0 827,940,932,1329,0 927,1005,1092,1342,0 932,1254,1079,1512,0 783,1296,911,1640,1 846,1438,974,1703,1 906,1582,1020,1852,1 720,1647,839,1929,1 804,1722,946,2024,1 851,1882,983,2136,0 699,1917,848,2284,1 674,2238,792,2545,1 781,2191,960,2433,1 767,2361,900,2664,1 630,2491,760,2745,1 737,2680,881,2845,1 637,2726,751,2929,1
E:\jetsonnanoModel\yolov7-pytorch\VOCdevkit/VOC2007/JPEGImages/157.jpg 1015,486,1103,758,1 1100,504,1250,768,1 999,697,1108,949,1 1088,790,1233,1008,1 1008,954,1113,1193,1 1158,1036,1269,1311,1 985,1145,1115,1420,1 1094,1181,1233,1472,1 956,1397,1085,1654,1 1076,1424,1213,1699,1 894,1606,1003,1902,1 1028,1699,1147,1954,1 872,1840,981,2113,1 988,1938,1131,2181,1 817,2086,963,2363,1 976,2165,1103,2440,1 831,2293,938,2581,1 924,2361,1058,2583,1 776,2540,928,2763,1 951,2549,1076,2781,1
E:\jetsonnanoModel\yolov7-pytorch\VOCdevkit/VOC2007/JPEGImages/158.jpg 750,304,886,717,1 689,568,863,835,1 846,674,991,898,1 698,783,843,1064,1 824,873,981,1140,1 700,1026,857,1286,1 826,1159,1010,1409,1 724,1257,864,1567,1 867,1386,1048,1698,1 774,1571,919,1793,1 933,1657,1074,1914,1 781,1757,936,2005,1 926,1893,1114,2186,1 838,1998,983,2243,1 850,2205,1012,2438,1 976,2155,1131,2386,1 891,2426,1045,2621,1 998,2359,1133,2638,1 945,2595,1083,2857,1 1076,2586,1205,2793,1 974,2795,1148,3002,1
E:\jetsonnanoModel\yolov7-pytorch\VOCdevkit/VOC2007/JPEGImages/16.jpg 92,2,127,79,0 120,10,157,76,0 112,61,151,141,0 100,142,125,211,0 127,147,149,208,0 107,209,132,268,0 127,219,156,279,0 106,276,136,337,0 135,277,165,340,0 107,326,123,387,0 123,343,159,396,0 111,386,152,442,0 113,418,153,471,0 117,471,155,512,1 118,506,155,552,0
E:\jetsonnanoModel\yolov7-pytorch\VOCdevkit/VOC2007/JPEGImages/160.jpg 909,59,1118,514,1 1038,245,1216,607,1 880,547,995,852,1 1009,595,1173,933,1 897,852,1028,1221,1 1011,866,1164,1195,1 904,1171,1047,1540,1 1052,1164,1214,1538,1 873,1421,1066,1747,1 1059,1443,1266,1807,1 1092,1633,1292,1924,1 916,1695,1118,2050,1 1168,1850,1323,2155,1 949,1995,1102,2281,1 1104,2055,1326,2335,1 990,2185,1147,2500,1 1123,2283,1311,2566,1 988,2474,1176,2726,1 1116,2514,1276,2766,1 1038,2683,1171,2933,1 1183,2678,1323,2945,1
E:\jetsonnanoModel\yolov7-pytorch\VOCdevkit/VOC2007/JPEGImages/161.jpg 1030,364,1209,729,1 1072,582,1232,864,1 967,664,1134,929,1 986,866,1151,1196,1 1155,889,1281,1145,1 897,1017,1051,1299,1 1028,1131,1193,1436,1 897,1331,1062,1606,1 1053,1438,1213,1710,1 916,1610,1069,1861,1 1046,1724,1214,1999,1 941,1915,1088,2099,1 1072,1964,1253,2254,1 953,2124,1081,2317,1 1090,2180,1209,2468,1 946,2336,1121,2566,1 1104,2420,1234,2661,1 1011,2599,1137,2768,1 1141,2652,1260,2875,1 1048,2794,1176,3006,1
E:\jetsonnanoModel\yolov7-pytorch\VOCdevkit/VOC2007/JPEGImages/162.jpg 14,940,253,1196,1 162,1180,440,1307,1 377,1021,592,1292,1 623,1009,777,1348,1 526,1343,838,1436,1 738,1243,896,1565,1 574,1433,818,1726,1 809,1550,945,1892,1 633,1721,857,2014,1 828,1848,967,2131,1 657,1972,899,2265,1 865,2067,1011,2367,1 709,2246,938,2511,1 874,2409,1013,2621,1 874,2516,1013,2782,1 813,2731,923,2904,1 782,2841,933,3058,1 943,2775,1057,2946,1
E:\jetsonnanoModel\yolov7-pytorch\VOCdevkit/VOC2007/JPEGImages/163.jpg 1352,178,1485,416,1 1276,318,1423,555,1 1399,406,1571,618,1 1221,502,1371,809,1 1348,616,1524,863,1 1144,778,1314,1102,1 1268,883,1483,1102,1 1076,1061,1259,1344,1 1235,1087,1418,1306,1 1030,1304,1180,1594,1 1164,1347,1404,1563,1 980,1554,1147,1933,1 1111,1621,1340,1897,1 952,1887,1161,2154,1 1116,1902,1314,2135,1 933,2149,1092,2421,1 1090,2161,1307,2402,1 926,2444,1078,2809,1 1061,2425,1211,2754,1
E:\jetsonnanoModel\yolov7-pytorch\VOCdevkit/VOC2007/JPEGImages/166.jpg 728,208,923,523,1 661,415,861,654,1 859,449,1018,701,1 711,699,897,999,1 859,584,1054,880,1 728,939,918,1263,1 890,887,1107,1223,1 804,1249,1002,1563,1 954,1173,1140,1513,1 873,1513,1066,1851,1 1016,1434,1209,1782,1 913,1811,1108,2163,1 1073,1756,1235,2046,1 966,2099,1166,2401,1 1099,2034,1290,2334,1 1014,2332,1178,2599,1 1126,2304,1311,2573,1 1023,2580,1183,2813,1 1180,2496,1285,2730,1 1142,2751,1311,2982,1
E:\jetsonnanoModel\yolov7-pytorch\VOCdevkit/VOC2007/JPEGImages/167.jpg 637,263,816,630,1 572,423,707,672,1 718,486,839,693,1 574,649,702,926,1 686,663,830,951,1 511,875,628,1186,0 655,919,788,1172,0 521,1151,644,1491,0 688,1200,809,1482,0 528,1477,695,1751,0 690,1468,841,1749,0 537,1737,702,2051,0 681,1772,832,2077,0 532,2051,662,2340,1 674,2070,841,2396,1 546,2328,690,2586,1 690,2370,828,2593,1 553,2568,667,2856,1 683,2603,823,2863,1
E:\jetsonnanoModel\yolov7-pytorch\VOCdevkit/VOC2007/JPEGImages/168.jpg 733,108,883,501,1 878,287,1049,544,1 671,525,780,851,1 814,563,999,846,1 599,813,773,1132,1 757,858,954,1153,1 625,1132,792,1420,1 778,1168,959,1451,1 609,1425,785,1770,1 768,1489,926,1775,1 595,1730,761,2056,1 742,1787,940,2073,1 571,1975,723,2303,1 704,2111,918,2368,1 551,2257,728,2585,1 695,2356,897,2580,1 569,2563,678,2796,1 654,2580,799,2827,1
E:\jetsonnanoModel\yolov7-pytorch\VOCdevkit/VOC2007/JPEGImages/169.jpg 363,365,527,588,1 363,587,521,840,1 486,565,629,821,1 448,805,618,1052,1 584,782,731,1014,1 504,1018,695,1269,1 660,999,793,1254,1 572,1237,748,1531,1 701,1214,844,1463,1 678,1514,844,1750,1 793,1467,931,1682,1 746,1733,904,1965,1 861,1654,989,1933,1 827,1951,957,2200,1 912,1931,1055,2161,1 848,2176,1012,2427,1 982,2152,1101,2395,1 916,2420,1057,2618,1 1016,2386,1148,2588,1 1008,2588,1123,2788,1 793,2527,986,2669,1
E:\jetsonnanoModel\yolov7-pytorch\VOCdevkit/VOC2007/JPEGImages/17.jpg 184,1,222,89,0 166,51,196,120,0 178,95,216,155,0 158,110,187,178,0 187,145,220,209,0 158,168,194,226,0 180,207,213,277,0 157,216,194,282,0 157,270,184,344,0 180,274,210,342,0 150,334,178,396,0 171,345,211,403,0 150,390,174,450,0 172,402,205,459,0 132,447,168,496,1 160,450,195,496,1 144,496,181,536,0
E:\jetsonnanoModel\yolov7-pytorch\VOCdevkit/VOC2007/JPEGImages/170.jpg 63,131,193,375,1 178,218,281,420,1 20,340,137,617,1 151,364,292,624,1 92,573,242,861,1 242,605,385,866,1 93,790,237,1064,1 249,850,370,1082,1 130,1020,283,1299,1 297,1071,425,1322,1 188,1248,349,1517,1 327,1290,476,1540,1 292,1480,406,1762,1 414,1475,537,1729,1 353,1701,490,1947,1 478,1680,597,1915,1 414,1917,535,2094,1 513,1843,625,2076,1
E:\jetsonnanoModel\yolov7-pytorch\VOCdevkit/VOC2007/JPEGImages/18.jpg 125,1,157,65,0 153,23,176,77,0 120,50,145,114,0 149,60,183,122,0 121,105,156,175,0 152,116,182,185,0 129,177,161,249,0 153,185,186,241,0 140,246,172,314,0 167,240,194,305,0 133,305,169,365,0 166,308,198,370,0 140,360,167,413,0 170,373,209,426,0 141,416,172,469,0 171,427,200,471,0 145,462,173,513,1 170,471,212,507,1 158,505,188,548,0
E:\jetsonnanoModel\yolov7-pytorch\VOCdevkit/VOC2007/JPEGImages/19.jpg 115,9,130,67,0 129,25,155,71,0 113,58,139,107,0 113,100,139,144,0 112,141,136,190,0 135,140,157,190,0 114,194,136,241,0 136,190,164,246,0 111,241,138,295,0 136,249,163,302,0 118,295,141,345,0 136,302,165,353,0 118,343,147,399,0 146,356,176,404,0 123,393,151,442,0 151,408,177,448,0 153,446,179,494,0 127,445,156,501,1
E:\jetsonnanoModel\yolov7-pytorch\VOCdevkit/VOC2007/JPEGImages/2.jpg 165,22,201,102,0 206,27,239,97,0 178,94,213,179,0 208,92,242,171,0 170,171,206,249,0 211,176,245,250,0 173,238,215,315,0 215,254,254,332,0 173,306,213,378,0 216,326,243,391,0 184,374,212,437,1 212,381,239,442,0 193,430,233,482,0
E:\jetsonnanoModel\yolov7-pytorch\VOCdevkit/VOC2007/JPEGImages/20.jpg 107,1,132,47,0 96,15,129,63,0 97,65,119,101,0 118,58,145,103,0 97,96,128,153,0 123,99,149,156,0 107,138,129,194,0 123,158,144,205,0 103,190,131,246,0 129,201,155,254,0 102,246,132,304,0 126,261,152,315,0 105,297,127,352,0 127,310,149,357,0 149,324,169,376,0 109,355,135,404,0 128,365,151,410,0 146,372,176,421,0 108,401,130,450,0 132,423,160,457,0 146,431,175,469,0 111,443,135,492,0 134,466,162,500,1 117,493,138,542,0 131,500,158,539,0
E:\jetsonnanoModel\yolov7-pytorch\VOCdevkit/VOC2007/JPEGImages/21.jpg 104,1,134,42,0 106,54,144,115,0 126,35,150,89,0 127,106,159,161,0 106,121,134,168,0 102,161,129,212,0 124,167,151,218,0 102,218,125,276,0 124,220,150,277,0 99,267,126,324,0 125,282,149,327,0 95,320,127,382,0 124,325,153,382,0 104,379,127,439,0 120,381,153,439,1 114,439,146,484,0
E:\jetsonnanoModel\yolov7-pytorch\VOCdevkit/VOC2007/JPEGImages/22.jpg 132,1,163,60,0 123,38,162,89,0 132,79,166,132,0 134,116,160,170,0 162,141,186,189,0 142,175,172,225,0 172,182,194,238,0 141,218,168,278,0 170,234,198,300,0 148,274,167,336,0 173,288,196,340,0 146,327,177,375,0 174,332,205,386,0 152,374,178,434,0 177,382,211,431,0 154,435,185,487,0 182,437,208,478,1 173,470,207,516,0
E:\jetsonnanoModel\yolov7-pytorch\VOCdevkit/VOC2007/JPEGImages/23.jpg 94,89,117,138,0 106,122,130,174,0 89,133,114,171,0 89,165,113,213,0 109,167,134,212,0 88,212,111,267,0 110,206,134,257,0 88,261,114,312,0 112,244,137,298,0 91,308,118,354,0 114,297,142,344,0 92,351,115,406,0 114,355,141,408,0 95,401,120,450,0 119,398,144,441,0 97,445,124,488,0 119,447,145,488,0 96,486,126,531,1 122,492,149,532,0 109,525,139,561,0
E:\jetsonnanoModel\yolov7-pytorch\VOCdevkit/VOC2007/JPEGImages/24.jpg 105,6,145,93,0 146,6,176,94,0 120,87,160,196,0 158,93,192,175,0 131,183,180,261,0 172,173,201,256,0 157,262,201,333,0 190,245,225,318,0 180,341,213,402,0 204,311,231,388,0 152,357,200,427,0 209,376,237,450,0 173,413,222,471,1 217,449,250,503,0 188,477,230,533,0
E:\jetsonnanoModel\yolov7-pytorch\VOCdevkit/VOC2007/JPEGImages/25.jpg 180,1,214,40,0 176,36,202,93,0 197,42,228,93,0 176,87,207,150,0 196,94,224,153,0 176,154,208,216,0 202,159,234,218,0 185,216,216,276,0 211,205,232,275,0 184,274,216,333,0 213,264,237,324,0 191,334,218,387,0 218,317,240,379,0 181,380,218,433,0 211,372,241,430,0 193,431,226,476,1
E:\jetsonnanoModel\yolov7-pytorch\VOCdevkit/VOC2007/JPEGImages/3.jpg 223,1,255,52,0 227,34,266,94,0 210,81,233,138,0 205,137,233,201,0 199,193,224,255,0 230,94,256,145,0 229,145,254,203,0 222,204,253,265,0 195,255,221,314,0 219,277,243,320,0 191,316,212,364,0 212,320,235,369,0 188,358,207,411,0 213,372,234,417,0 180,409,202,458,0 205,419,233,460,0 185,455,203,499,0 203,464,232,502,1 184,492,206,534,0
E:\jetsonnanoModel\yolov7-pytorch\VOCdevkit/VOC2007/JPEGImages/31.jpg 141,88,163,140,0 155,108,175,150,0 138,143,158,191,0 150,154,178,194,0 135,185,149,240,0 148,196,176,246,0 127,245,147,294,0 146,243,172,298,0 122,287,148,344,0 143,298,173,347,0 124,342,149,395,0 143,350,173,397,0 123,388,148,440,0 140,394,173,442,0 121,432,141,481,0 142,445,168,487,0 123,479,150,517,1 147,487,173,523,1
E:\jetsonnanoModel\yolov7-pytorch\VOCdevkit/VOC2007/JPEGImages/33.jpg 154,1,178,46,0 147,29,167,88,0 165,33,192,89,0 144,87,161,139,0 162,88,188,143,0 143,138,165,197,0 164,142,189,202,0 142,199,169,255,0 167,205,195,259,0 139,254,164,313,0 158,262,194,317,0 140,317,164,371,0 157,319,185,374,0 176,296,207,340,0 176,350,206,396,0 139,374,163,423,0 161,373,186,431,0 174,397,205,443,0 143,427,164,476,0 163,423,188,489,1 181,452,213,492,0
E:\jetsonnanoModel\yolov7-pytorch\VOCdevkit/VOC2007/JPEGImages/34.jpg 71,1,90,51,0 59,36,91,84,0 89,13,112,56,0 75,82,111,144,0 73,136,118,195,0 83,187,123,251,0 85,244,111,296,0 109,246,135,302,0 101,294,125,351,0 125,309,163,359,0 103,352,139,404,0 139,351,169,408,0 123,400,146,457,0 146,393,174,456,1
E:\jetsonnanoModel\yolov7-pytorch\VOCdevkit/VOC2007/JPEGImages/35.jpg 125,25,153,90,0 121,84,157,123,0 122,115,146,163,0 146,117,173,171,0 124,162,144,210,0 145,171,171,211,0 124,204,148,259,0 147,218,174,268,0 131,253,152,311,0 153,264,179,311,0 134,301,162,354,0 155,315,183,360,0 133,350,159,403,0 161,359,192,416,0 138,398,163,453,0 165,413,192,457,0 143,440,173,490,1 167,451,203,494,1 148,484,184,530,0
E:\jetsonnanoModel\yolov7-pytorch\VOCdevkit/VOC2007/JPEGImages/36.jpg 811,125,969,356,1 757,314,896,502,1 886,298,1048,519,1 736,485,894,706,1 896,498,1088,719,1 770,681,907,929,1 898,694,1092,935,1 740,885,917,1164,1 932,952,1086,1200,1 738,1150,957,1452,1 913,1212,1098,1452,1 773,1429,982,1708,1 957,1473,1159,1719,1 792,1670,981,2025,1 940,1744,1207,2019,1 750,2008,944,2327,1 930,2048,1107,2333,1
E:\jetsonnanoModel\yolov7-pytorch\VOCdevkit/VOC2007/JPEGImages/37.jpg 1079,338,1241,698,0 979,473,1117,818,0 1101,627,1328,924,0 919,733,1110,1062,0 1048,944,1272,1211,0 894,1009,1045,1333,0 1030,1213,1245,1500,0 821,1253,1001,1629,0 963,1511,1199,1793,0 801,1589,988,1911,0 952,1801,1192,2049,0 803,1862,961,2200,0 923,2075,1097,2331,0 719,2109,945,2440,0 928,2295,1119,2578,0 701,2375,905,2720,1 923,2549,1119,2804,0 714,2624,943,2920,0
E:\jetsonnanoModel\yolov7-pytorch\VOCdevkit/VOC2007/JPEGImages/38.jpg 205,118,534,525,0 230,361,510,703,0 523,385,639,805,0 372,703,632,994,0 622,741,802,1181,0 454,1014,785,1392,0 788,1056,957,1549,0 583,1401,899,1767,0 899,1465,1101,1910,0 734,1790,1008,2112,0 1025,1825,1188,2243,0 805,2083,1072,2436,0 1090,2023,1290,2527,1 868,2421,1130,2674,0 1099,2414,1361,2798,0 923,2687,1165,2956,1
E:\jetsonnanoModel\yolov7-pytorch\VOCdevkit/VOC2007/JPEGImages/39.jpg 1287,534,1454,989,0 1402,699,1666,1099,0 1197,976,1414,1287,0 1385,1049,1616,1395,0 1197,1259,1366,1597,0 1345,1347,1614,1671,0 1154,1571,1342,1890,0 1281,1676,1590,1947,0 1126,1909,1335,2264,0 1290,1985,1585,2304,0 1083,2164,1283,2466,0 1261,2330,1490,2568,0 1128,2468,1333,2771,1 1283,2606,1526,2859,1
E:\jetsonnanoModel\yolov7-pytorch\VOCdevkit/VOC2007/JPEGImages/4.jpg 200,1,227,59,0 226,1,254,72,0 202,58,227,138,0 218,63,253,141,0 194,139,220,209,0 214,137,252,212,0 186,202,210,279,0 197,214,241,283,0 179,276,204,342,0 211,281,237,343,0 182,350,205,409,0 207,338,236,393,0 209,394,236,455,0 178,402,205,453,0 172,455,202,491,1 202,458,228,499,1 178,491,204,528,0 200,502,229,534,0
E:\jetsonnanoModel\yolov7-pytorch\VOCdevkit/VOC2007/JPEGImages/42.jpg 1319,361,1448,663,0 1167,536,1321,776,0 1269,613,1448,921,0 1121,723,1268,989,0 1210,918,1394,1165,0 1108,978,1237,1243,0 1170,1187,1363,1476,0 1017,1229,1181,1523,0 1148,1454,1330,1705,0 943,1514,1121,1805,0 910,1785,1052,2058,0 1081,1674,1285,1963,0 1057,1903,1217,2296,1 852,2029,1068,2363,0 999,2269,1210,2501,1
E:\jetsonnanoModel\yolov7-pytorch\VOCdevkit/VOC2007/JPEGImages/43.jpg 695,617,852,955,0 838,695,949,1028,0 664,928,904,1171,0 888,995,1038,1283,0 714,1157,916,1405,0 930,1267,1114,1609,0 754,1426,952,1698,0 930,1536,1088,1878,0 721,1662,942,1993,0 992,1809,1145,2186,0 797,1919,1018,2188,0 747,2083,902,2352,0 966,2131,1176,2459,0 845,2217,1023,2519,0 983,2400,1188,2709,0 780,2490,997,2769,0 785,2740,978,3026,0 942,2667,1238,2943,1
E:\jetsonnanoModel\yolov7-pytorch\VOCdevkit/VOC2007/JPEGImages/44.jpg 1208,278,1380,660,0 1050,375,1240,788,0 1186,645,1378,980,0 1015,733,1185,1080,0 1118,963,1373,1223,0 905,1020,1133,1390,0 1037,1290,1255,1595,0 870,1363,1035,1713,0 973,1640,1190,1923,0 810,1698,975,2020,0 913,1968,1100,2188,0 723,1970,913,2305,0 905,2193,1100,2433,0 730,2240,900,2520,0 843,2455,1073,2643,0 665,2405,865,2738,1 665,2630,905,2893,1 843,2613,1018,2793,0
E:\jetsonnanoModel\yolov7-pytorch\VOCdevkit/VOC2007/JPEGImages/45.jpg 997,846,1166,1129,1 892,992,1090,1268,0 1085,1094,1240,1335,0 978,1271,1147,1468,0 1066,1344,1221,1611,0 940,1452,1128,1728,0 1097,1518,1264,1806,0 928,1675,1128,1973,0 1083,1797,1252,2082,0 961,1923,1092,2206,0 1071,2040,1245,2368,0 926,2187,1092,2478,0 1064,2373,1214,2592,0 890,2425,1092,2737,1 923,2709,1080,2937,1 1066,2587,1249,2821,0
E:\jetsonnanoModel\yolov7-pytorch\VOCdevkit/VOC2007/JPEGImages/46.jpg 1170,249,1320,557,0 1049,473,1238,760,0 1179,579,1338,838,0 1047,786,1214,1031,0 1210,797,1370,1099,0 1029,1016,1227,1297,0 1214,1025,1364,1288,0 1075,1281,1225,1629,0 1225,1299,1410,1638,0 1070,1629,1240,1992,0 1231,1599,1401,1903,0 1094,1957,1249,2253,0 1238,1918,1368,2233,0 1120,2262,1260,2507,1 1255,2249,1399,2468,1 1142,2523,1270,2766,0 1240,2507,1401,2701,0
E:\jetsonnanoModel\yolov7-pytorch\VOCdevkit/VOC2007/JPEGImages/47.jpg 915,686,1061,988,0 1026,781,1135,1088,0 873,941,1031,1207,0 1015,1060,1131,1339,0 910,1218,1068,1462,0 1049,1283,1210,1574,0 894,1439,1094,1765,0 1096,1537,1247,1851,0 917,1721,1117,2025,0 1119,1902,1294,2144,0 884,1988,1122,2223,0 1115,2130,1273,2374,0 933,2251,1091,2507,0 1094,2390,1270,2611,0 945,2500,1096,2753,0 1124,2595,1287,2772,0 952,2707,1156,2925,0
E:\jetsonnanoModel\yolov7-pytorch\VOCdevkit/VOC2007/JPEGImages/48.jpg 821,118,1030,571,0 750,497,945,862,0 881,504,1077,833,0 719,822,981,1200,0 881,809,1130,1226,0 732,1126,950,1553,0 914,1229,1150,1713,0 730,1575,952,1902,0 945,1644,1174,2017,0 705,1875,952,2295,0 894,1975,1150,2375,0 690,2217,919,2613,0 859,2266,1154,2653,0 725,2546,950,2855,0 914,2640,1179,2931,1
E:\jetsonnanoModel\yolov7-pytorch\VOCdevkit/VOC2007/JPEGImages/49.jpg 1103,805,1270,1070,0 1035,935,1224,1179,0 1175,1049,1324,1314,0 1047,1139,1184,1414,0 1173,1300,1294,1556,0 1052,1439,1210,1700,0 1152,1570,1315,1846,0 1005,1691,1191,1921,0 1170,1812,1315,2070,0 1024,1914,1194,2174,0 1168,2030,1336,2314,0 982,2209,1182,2388,0 1147,2332,1342,2539,0 935,2356,1152,2609,0 1015,2574,1177,2793,0 1152,2523,1356,2725,1
E:\jetsonnanoModel\yolov7-pytorch\VOCdevkit/VOC2007/JPEGImages/5.jpg 195,13,223,83,0 221,11,251,95,0 193,86,223,175,0 216,97,254,175,0 195,175,228,256,0 230,169,257,256,0 231,240,258,316,0 193,244,226,327,0 198,322,224,395,0 221,323,262,396,0 191,396,227,457,1 224,400,251,460,1 208,455,231,516,0 224,464,252,517,0
E:\jetsonnanoModel\yolov7-pytorch\VOCdevkit/VOC2007/JPEGImages/50.jpg 1072,573,1218,855,0 946,713,1098,967,0 1056,855,1248,1105,0 914,931,1042,1221,0 978,1111,1178,1337,0 840,1149,990,1425,0 924,1375,1116,1549,0 772,1417,924,1661,0 872,1589,1060,1783,0 766,1617,900,1895,0 832,1791,990,2015,0 736,1773,844,2091,1 822,2015,970,2201,1 682,2147,830,2319,1 778,2213,936,2405,1 680,2329,814,2495,0 778,2393,926,2615,0
E:\jetsonnanoModel\yolov7-pytorch\VOCdevkit/VOC2007/JPEGImages/51.jpg 855,633,1023,877,1 923,875,1101,1069,1 799,906,917,1151,1 930,1044,1068,1242,1 792,1111,917,1351,1 941,1173,1077,1422,1 830,1226,968,1458,1 930,1380,1083,1622,1 779,1393,957,1662,1 786,1606,952,1824,1 906,1618,1086,1851,1 768,1806,943,2006,1 883,1800,1048,2031,1 746,2002,901,2209,1 885,1979,1030,2197,1 801,2195,932,2431,1 903,2186,1048,2420,1
E:\jetsonnanoModel\yolov7-pytorch\VOCdevkit/VOC2007/JPEGImages/52.jpg 720,508,876,723,0 677,636,851,886,0 815,691,949,995,0 732,869,880,1112,0 858,993,977,1243,1 714,1106,884,1382,1 858,1276,982,1536,1 745,1406,914,1645,1 875,1497,1025,1726,1 769,1686,912,1919,1 899,1741,1040,1978,1 780,1902,901,2099,1 914,1947,1047,2204,1 797,2041,964,2267,1 864,2189,971,2445,1 958,2189,1088,2393,1 812,2476,997,2693,1 956,2393,1112,2608,1 934,2584,1103,2847,1
E:\jetsonnanoModel\yolov7-pytorch\VOCdevkit/VOC2007/JPEGImages/53.jpg 780,98,901,467,0 687,279,839,588,0 828,308,974,573,0 680,533,860,815,0 847,558,987,886,0 697,869,872,1215,0 822,906,1001,1183,0 651,1213,862,1511,0 816,1219,1028,1515,0 705,1513,899,1796,0 860,1542,1060,1756,0 693,1763,893,2013,0 837,1742,1053,1969,0 726,1948,870,2188,0 828,1975,1030,2213,0 745,2169,872,2400,1 812,2200,1018,2413,1 712,2381,912,2586,0
E:\jetsonnanoModel\yolov7-pytorch\VOCdevkit/VOC2007/JPEGImages/54.jpg 723,133,904,478,0 670,337,821,612,0 801,495,948,737,0 676,548,831,827,0 863,693,999,993,0 680,822,833,1135,0 855,920,1031,1276,0 723,1022,878,1308,0 865,1203,1014,1531,0 740,1299,912,1563,0 827,1538,1017,1819,0 720,1603,925,1935,0 821,1822,995,2052,0 732,2041,880,2331,1 855,2029,1018,2301,1 748,2305,872,2516,0 861,2337,999,2516,0
E:\jetsonnanoModel\yolov7-pytorch\VOCdevkit/VOC2007/JPEGImages/55.jpg 1584,297,1802,619,0 1453,433,1587,715,0 1464,640,1712,849,0 1314,656,1471,924,0 1175,912,1357,1217,0 1179,1136,1384,1356,0 1043,1198,1186,1489,0 1084,1412,1309,1642,0 955,1472,1087,1762,0 1007,1678,1246,1892,0 873,1708,1030,2006,0 945,1935,1184,2156,1 837,1942,980,2267,1 884,2151,1109,2412,1 762,2198,921,2485,1 864,2413,1082,2645,1 739,2494,927,2797,1
E:\jetsonnanoModel\yolov7-pytorch\VOCdevkit/VOC2007/JPEGImages/57.jpg 989,369,1191,704,0 894,662,1045,983,0 1036,597,1196,866,0 1008,844,1161,1116,0 863,914,1026,1228,0 980,1060,1168,1346,0 863,1234,1022,1495,0 973,1332,1189,1634,0 847,1460,1001,1751,0 947,1618,1152,1918,0 845,1725,1017,1997,0 954,1830,1147,2151,0 822,1921,991,2197,0 963,2074,1154,2358,0 826,2148,991,2437,0 975,2241,1203,2516,1 831,2421,1022,2637,0 970,2507,1156,2767,0 903,2662,1045,2918,1
E:\jetsonnanoModel\yolov7-pytorch\VOCdevkit/VOC2007/JPEGImages/58.jpg 281,698,417,943,1 385,912,615,1093,1 530,801,683,1050,1 538,1125,781,1291,1 706,989,819,1253,1 695,1289,944,1506,1 887,1180,1026,1446,1 868,1523,1132,1704,1 1047,1402,1219,1689,1 963,1704,1234,1893,1 1173,1575,1345,1895,1 1096,1948,1311,2137,1 1291,1876,1451,2129,1 1225,2136,1468,2338,1 1394,2155,1585,2372,1 1310,2342,1461,2548,1 1432,2355,1608,2602,1
E:\jetsonnanoModel\yolov7-pytorch\VOCdevkit/VOC2007/JPEGImages/59.jpg 1078,630,1226,874,1 945,648,1124,870,1 943,807,1115,1050,1 1035,896,1208,1159,1 936,995,1071,1251,1 1045,1163,1191,1389,1 919,1229,1061,1463,1 902,1413,1006,1672,1 941,1509,1098,1692,1 1054,1392,1245,1563,1 991,1637,1180,1857,1 839,1652,995,1937,1 763,1885,876,2094,1 863,1926,1013,2142,1 976,2026,1152,2213,1 776,2085,904,2320,1 876,2205,1078,2398,1 765,2289,945,2509,1 889,2407,1065,2644,1
E:\jetsonnanoModel\yolov7-pytorch\VOCdevkit/VOC2007/JPEGImages/6.jpg 102,1,134,46,0 129,11,147,67,0 106,44,127,111,0 134,49,160,115,0 109,117,143,190,0 142,116,167,185,0 117,193,146,260,0 144,173,174,242,0 145,233,175,308,0 120,261,146,323,0 123,312,152,379,0 154,301,180,376,0 159,352,190,420,0 129,375,157,429,0 128,425,160,473,1 159,428,185,481,1 145,470,175,516,0
E:\jetsonnanoModel\yolov7-pytorch\VOCdevkit/VOC2007/JPEGImages/60.jpg 1717,770,2033,1022,1 1475,1058,1817,1228,1 1411,892,1699,1152,1 1203,1132,1407,1394,1 1367,1234,1699,1398,1 973,1334,1133,1606,1 1087,1510,1349,1672,1 823,1532,999,1800,1 971,1718,1251,1858,1 765,1704,951,2006,1 875,1882,1109,2024,1 685,1908,891,2234,1 831,2044,1095,2198,1 887,2112,1065,2364,1 631,2170,881,2368,1 691,2350,891,2536,1 845,2292,1043,2528,1
E:\jetsonnanoModel\yolov7-pytorch\VOCdevkit/VOC2007/JPEGImages/61.jpg 559,280,764,680,1 464,618,735,928,1 735,347,952,692,1 714,664,928,978,1 533,940,802,1225,1 756,883,1004,1192,1 607,1240,876,1485,1 838,1123,1078,1497,1 721,1488,985,1800,1 947,1456,1190,1756,1 776,1765,1021,2047,1 995,1690,1214,2016,1 847,2045,1083,2287,1 1085,1990,1292,2259,1 926,2259,1147,2552,1 1100,2262,1262,2547,1 959,2516,1183,2840,1 1130,2540,1335,2790,1
E:\jetsonnanoModel\yolov7-pytorch\VOCdevkit/VOC2007/JPEGImages/62.jpg 794,790,980,1152,1 946,997,1102,1278,1 856,1164,998,1408,1 976,1259,1127,1487,1 822,1422,1008,1641,1 1031,1459,1177,1797,1 829,1601,1031,1894,1 1029,1764,1194,2036,1 859,1825,1045,2136,1 1082,2027,1219,2306,1 891,2043,1098,2334,1 875,2257,1047,2506,1 1022,2245,1198,2597,1 873,2485,1047,2722,1 1022,2571,1168,2827,1 903,2704,1052,2880,1 1052,2818,1166,3008,1 889,2860,1038,3101,1
E:\jetsonnanoModel\yolov7-pytorch\VOCdevkit/VOC2007/JPEGImages/63.jpg 1093,548,1238,889,1 934,632,1085,891,1 1009,847,1180,1137,1 880,877,1001,1148,1 927,1160,1125,1389,1 820,1147,967,1375,1 760,1348,929,1614,1 869,1379,1085,1610,1 701,1567,889,1830,1 854,1591,1058,1793,1 699,1814,862,2050,1 791,1853,983,2044,1 587,1887,736,2126,1 627,2026,795,2259,1 744,2065,950,2271,1 621,2250,785,2430,1 750,2359,909,2575,1 591,2467,795,2646,1
E:\jetsonnanoModel\yolov7-pytorch\VOCdevkit/VOC2007/JPEGImages/64.jpg 464,583,665,883,1 641,593,830,913,1 565,893,774,1137,1 747,869,900,1138,1 639,1157,868,1382,1 839,1146,1028,1391,1 703,1360,934,1651,1 934,1409,1103,1653,1 750,1640,1012,1924,1 974,1651,1163,1922,1 872,1886,1052,2177,1 1025,1891,1194,2144,1 919,2146,1092,2373,1 1083,2137,1268,2360,1 914,2373,1092,2604,1 1063,2375,1217,2609,1 939,2593,1125,2824,1 1105,2597,1261,2817,1
E:\jetsonnanoModel\yolov7-pytorch\VOCdevkit/VOC2007/JPEGImages/65.jpg 1143,801,1303,1124,1 1246,893,1446,1164,1 1101,1104,1228,1379,1 1226,1166,1399,1411,1 1045,1379,1199,1662,1 1172,1482,1381,1717,1 997,1622,1170,1899,1 1159,1724,1374,1922,1 988,1879,1148,2135,1 1134,1964,1337,2148,1 977,2104,1139,2333,1 1123,2162,1328,2368,1 974,2315,1145,2546,1 1105,2386,1310,2557,1 934,2522,1128,2724,1 1081,2551,1317,2782,1
E:\jetsonnanoModel\yolov7-pytorch\VOCdevkit/VOC2007/JPEGImages/66.jpg 421,497,674,829,1 684,567,916,984,1 574,842,811,1156,1 828,888,1011,1281,1 696,1146,957,1439,1 948,1125,1201,1568,1 826,1466,1077,1768,1 1070,1507,1233,1893,1 960,1822,1184,1993,1 1152,1832,1330,2127,1 992,2061,1233,2273,1 1174,2108,1372,2400,1 1043,2254,1245,2473,1 1192,2332,1392,2620,1 1204,2571,1421,2839,1 1082,2629,1257,2929,1 1194,2805,1396,3046,1
E:\jetsonnanoModel\yolov7-pytorch\VOCdevkit/VOC2007/JPEGImages/67.jpg 926,148,1111,636,0 1068,378,1283,838,0 888,612,1114,1000,0 1074,813,1286,1209,0 904,962,1126,1355,0 1073,1155,1302,1548,0 918,1293,1140,1717,0 1111,1538,1318,1886,0 938,1650,1154,2059,0 1135,1848,1342,2195,0 911,2017,1140,2374,0 1135,2143,1371,2514,0 980,2309,1207,2648,0 1171,2421,1392,2759,1 997,2614,1202,2898,0 1183,2755,1414,3045,0 1054,2857,1240,3157,1
E:\jetsonnanoModel\yolov7-pytorch\VOCdevkit/VOC2007/JPEGImages/68.jpg 822,308,975,689,1 731,561,970,905,1 889,645,1063,982,1 773,803,989,1138,1 963,963,1103,1273,1 838,1103,1045,1426,1 980,1263,1145,1549,1 833,1398,1082,1724,1 1068,1536,1229,1859,1 877,1691,1105,2031,1 1098,1889,1256,2187,1 933,1980,1140,2273,1 901,2205,1108,2473,1 1112,2212,1291,2473,1 945,2468,1112,2731,1 1118,2475,1259,2717,1 991,2715,1135,2980,1 1115,2668,1263,2856,1
E:\jetsonnanoModel\yolov7-pytorch\VOCdevkit/VOC2007/JPEGImages/69.jpg 673,15,884,349,0 614,215,798,517,0 793,268,916,572,0 691,474,852,763,0 839,522,980,808,0 714,663,891,979,0 880,758,1048,1097,0 768,956,966,1277,0 955,1047,1116,1372,0 825,1277,1027,1611,0 1002,1347,1157,1688,0 889,1588,1068,1892,0 1073,1652,1212,1977,1 925,1849,1114,2136,0 1096,1929,1237,2258,1 975,2070,1146,2397,1 1123,2172,1289,2483,1 966,2356,1143,2677,1 1139,2467,1325,2749,1 1018,2638,1200,2872,0
E:\jetsonnanoModel\yolov7-pytorch\VOCdevkit/VOC2007/JPEGImages/7.jpg 183,1,205,40,0 182,15,218,69,0 168,70,189,125,0 188,75,217,126,0 168,123,193,184,0 188,131,216,196,0 168,181,189,249,0 183,196,218,251,0 165,242,185,304,0 187,255,214,304,0 163,300,193,355,0 188,304,214,359,0 157,348,187,405,0 184,364,214,409,0 164,400,188,449,0 192,411,218,452,0 169,444,186,488,1 188,454,211,493,1 168,493,197,526,0
E:\jetsonnanoModel\yolov7-pytorch\VOCdevkit/VOC2007/JPEGImages/70.jpg 1258,646,1431,969,0 1341,859,1506,1156,0 1198,879,1353,1184,0 1113,1066,1233,1394,0 1236,1111,1448,1309,0 1156,1311,1368,1511,0 1021,1321,1178,1619,0 1123,1521,1348,1731,0 928,1544,1081,1854,0 1001,1781,1196,1969,0 851,1764,993,2111,0 921,1964,1108,2204,0 763,2016,923,2301,0 896,2191,1063,2456,0 738,2251,883,2519,0 886,2401,1046,2621,0 708,2479,868,2729,1 859,2566,1016,2809,1 723,2661,873,2904,1 861,2814,996,3014,1 715,2866,883,3056,1 866,2961,978,3166,1 738,3021,901,3204,1
E:\jetsonnanoModel\yolov7-pytorch\VOCdevkit/VOC2007/JPEGImages/71.jpg 814,280,971,595,0 838,445,1059,745,0 690,635,876,895,0 861,723,1045,1059,0 740,930,880,1180,0 890,1023,1049,1333,0 801,1097,999,1394,0 930,1340,1071,1614,0 754,1299,952,1614,0 957,1595,1148,1945,0 845,1673,1059,1973,0 1023,1914,1164,2192,0 873,2028,1092,2328,0 992,2195,1159,2516,0 899,2285,1064,2621,0 990,2461,1192,2778,1 1014,2728,1216,2966,1 876,2766,1021,3035,0
E:\jetsonnanoModel\yolov7-pytorch\VOCdevkit/VOC2007/JPEGImages/72.jpg 1273,673,1440,997,1 1375,569,1528,933,1 1316,949,1521,1273,1 1183,1032,1340,1386,1 1254,1228,1433,1585,1 1107,1366,1276,1663,1 1161,1542,1383,1835,1 1026,1573,1190,1956,1 1104,1823,1290,2118,1 980,1871,1123,2213,1 1059,2075,1283,2375,1 918,2152,1073,2430,1 1102,2332,1252,2611,1 937,2335,1118,2654,1 935,2630,1128,2875,1 1066,2604,1233,2861,1
E:\jetsonnanoModel\yolov7-pytorch\VOCdevkit/VOC2007/JPEGImages/73.jpg 1028,65,1168,351,0 940,249,1078,523,0 1009,337,1183,613,0 926,549,1049,813,0 1043,618,1200,911,0 911,799,1028,1037,0 1073,915,1209,1199,0 909,975,1088,1308,0 1028,1213,1204,1532,0 911,1323,1064,1701,0 1035,1504,1228,1842,0 866,1634,1057,2001,0 1040,1806,1207,2146,0 885,1946,1047,2294,0 1026,2177,1176,2432,0 859,2251,1014,2587,1 990,2439,1159,2737,1 828,2506,983,2842,1 966,2696,1142,2970,1 831,2808,976,3087,1 933,2963,1090,3179,0
E:\jetsonnanoModel\yolov7-pytorch\VOCdevkit/VOC2007/JPEGImages/74.jpg 467,297,634,575,0 374,442,517,795,0 473,750,647,1010,1 314,702,507,1005,0 247,940,484,1195,0 452,990,637,1265,0 324,1170,592,1385,1 597,1130,780,1525,0 504,1452,742,1690,0 716,1452,929,1804,0 657,1745,897,2005,0 867,1772,1079,2087,0 732,2015,992,2245,0 924,2067,1142,2377,0 804,2300,1019,2518,1 1009,2347,1202,2662,0 877,2502,1067,2792,1 1059,2579,1222,2922,1 924,2770,1094,3042,1 1079,2862,1242,3137,1
E:\jetsonnanoModel\yolov7-pytorch\VOCdevkit/VOC2007/JPEGImages/75.jpg 711,1,879,287,0 704,233,852,492,0 831,302,987,604,0 743,480,911,787,0 877,577,1021,955,0 772,788,969,1136,0 940,865,1094,1236,0 816,1063,1021,1426,0 994,1233,1148,1599,0 831,1419,1035,1789,0 1013,1599,1201,1967,0 860,1775,1062,2148,0 1028,1921,1221,2289,1 931,2075,1094,2477,1 1033,2265,1218,2614,1 923,2441,1092,2777,1 1011,2563,1213,2909,1 909,2685,1055,3033,1 1031,2867,1231,3158,1
E:\jetsonnanoModel\yolov7-pytorch\VOCdevkit/VOC2007/JPEGImages/77.jpg 911,355,1123,813,0 811,675,1051,1008,0 1006,825,1186,1078,0 871,983,1086,1273,0 1046,1068,1263,1380,0 851,1255,1013,1610,0 986,1348,1188,1628,0 878,1610,1058,1938,0 1016,1585,1201,1928,0 1036,1908,1211,2228,0 888,1920,1066,2225,0 916,2240,1081,2510,0 1043,2300,1246,2560,0 853,2510,996,2795,0 1066,2575,1231,2803,0 908,2780,1026,3015,1 1051,2785,1223,3008,1 943,2988,1153,3228,0
E:\jetsonnanoModel\yolov7-pytorch\VOCdevkit/VOC2007/JPEGImages/78.jpg 1159,1,1333,354,0 1128,335,1271,685,0 1247,273,1368,566,0 1252,573,1418,844,0 1135,685,1297,1054,0 1288,839,1459,1144,0 1071,1027,1192,1358,0 1161,1080,1333,1363,0 1202,1227,1402,1508,0 1042,1351,1247,1701,0 1192,1525,1407,1842,0 1009,1663,1238,2054,0 1211,1911,1397,2185,0 1016,1985,1221,2342,1 1202,2177,1416,2461,0 985,2292,1118,2575,0 1088,2406,1240,2646,0 945,2546,1159,2837,1 1133,2604,1318,2920,0
E:\jetsonnanoModel\yolov7-pytorch\VOCdevkit/VOC2007/JPEGImages/79.jpg 1288,169,1457,551,0 1214,347,1397,740,0 1330,540,1483,844,0 1207,717,1379,1028,0 1307,844,1493,1182,0 1172,1012,1349,1375,0 1272,1198,1460,1524,0 1107,1319,1307,1691,0 1228,1521,1423,1870,0 1062,1642,1234,2028,0 1177,1873,1356,2182,0 997,1948,1162,2312,0 1132,2196,1290,2447,0 969,2237,1130,2533,0 1095,2468,1257,2708,1 947,2502,1084,2774,1 1081,2668,1223,2875,1 937,2747,1086,2991,1
E:\jetsonnanoModel\yolov7-pytorch\VOCdevkit/VOC2007/JPEGImages/8.jpg 211,10,233,57,0 188,14,212,65,0 213,63,234,112,0 192,63,213,108,0 193,113,216,168,0 214,112,237,174,0 197,163,223,224,0 219,167,247,223,0 203,225,226,284,0 228,212,248,271,0 229,275,257,333,0 201,289,229,336,0 203,326,228,394,0 234,336,260,386,0 210,390,238,444,0 240,391,263,445,0 218,441,242,495,1 240,441,266,490,1 232,494,262,533,0
E:\jetsonnanoModel\yolov7-pytorch\VOCdevkit/VOC2007/JPEGImages/80.jpg 962,316,1102,580,0 922,492,1036,706,0 1008,550,1140,780,0 930,672,1040,894,0 1028,714,1160,968,0 912,874,1062,1046,0 1064,932,1192,1174,0 932,1024,1086,1222,0 972,1186,1116,1408,0 1096,1196,1242,1426,0 986,1430,1122,1694,0 1090,1440,1234,1644,0 984,1696,1132,1918,0 1112,1668,1238,1874,0 972,1914,1124,2116,0 1114,1894,1240,2084,0 1006,2118,1136,2334,1 1086,2098,1222,2286,1 982,2304,1116,2532,1 1096,2322,1232,2504,1
E:\jetsonnanoModel\yolov7-pytorch\VOCdevkit/VOC2007/JPEGImages/81.jpg 910,92,1082,446,0 873,271,1066,604,0 870,581,1063,934,0 1038,681,1224,1053,0 882,869,1089,1211,0 1091,1013,1259,1364,0 868,1164,1147,1546,0 1138,1378,1308,1695,0 898,1509,1052,1853,0 1052,1553,1189,1890,0 1140,1718,1294,1997,0 912,1878,1056,2206,0 1040,1909,1212,2237,0 1149,1997,1329,2397,0 928,2124,1072,2451,0 1056,2195,1222,2555,0 1161,2320,1331,2660,0 982,2420,1203,2790,0 1184,2613,1366,2878,0 994,2683,1198,3020,1 1163,2802,1389,3102,0
E:\jetsonnanoModel\yolov7-pytorch\VOCdevkit/VOC2007/JPEGImages/82.jpg 1148,90,1309,429,0 1034,362,1207,680,0 1172,339,1383,641,0 1051,627,1216,934,0 1172,636,1348,908,0 1004,894,1176,1222,0 1141,952,1337,1252,0 986,1218,1158,1564,0 1141,1252,1328,1525,0 941,1529,1137,1843,0 1125,1543,1341,1880,0 981,1855,1160,2227,0 1123,1918,1330,2213,0 1016,2236,1181,2506,0 1121,2169,1311,2462,0 998,2432,1165,2688,1 1162,2483,1346,2725,1 1051,2711,1263,2916,0
E:\jetsonnanoModel\yolov7-pytorch\VOCdevkit/VOC2007/JPEGImages/86.jpg 918,177,1077,472,0 894,367,1045,625,0 1009,460,1118,735,0 867,586,1028,850,0 1016,721,1148,972,0 876,803,1045,1135,0 1028,977,1174,1242,0 892,1089,1079,1382,0 1048,1172,1192,1521,0 916,1318,1094,1691,0 1055,1486,1228,1789,0 923,1616,1106,1933,0 1089,1745,1219,2040,0 965,1911,1148,2213,0 1110,1994,1262,2311,0 967,2152,1145,2452,0 1131,2274,1296,2579,1 974,2408,1145,2682,1 1140,2586,1311,2825,1 1013,2662,1221,2962,1
E:\jetsonnanoModel\yolov7-pytorch\VOCdevkit/VOC2007/JPEGImages/87.jpg 979,496,1162,811,0 926,718,1096,1011,0 1057,794,1233,1062,0 933,938,1123,1211,0 1087,1067,1196,1323,0 908,1172,1030,1442,0 987,1242,1143,1518,0 899,1438,1072,1721,0 1038,1574,1192,1828,0 935,1699,1109,1977,0 1040,1825,1165,2069,0 901,1938,1013,2245,0 987,2042,1150,2323,0 899,2147,1006,2433,0 1009,2303,1148,2511,0 828,2389,996,2650,0 982,2491,1152,2699,0 860,2567,1026,2860,1 989,2733,1152,2942,0
E:\jetsonnanoModel\yolov7-pytorch\VOCdevkit/VOC2007/JPEGImages/88.jpg 423,160,598,441,0 442,386,580,673,0 524,356,656,673,0 470,654,654,873,0 673,712,810,1019,0 556,870,724,1152,0 712,949,863,1266,0 608,1154,817,1410,0 833,1266,975,1517,0 715,1429,908,1708,0 894,1536,1003,1798,0 756,1668,904,1982,0 940,1747,1077,2094,0 824,1963,1005,2226,0 1029,2061,1131,2345,0 882,2222,1070,2470,0 905,2461,1149,2717,1 919,2694,1135,2919,0
E:\jetsonnanoModel\yolov7-pytorch\VOCdevkit/VOC2007/JPEGImages/9.jpg 146,23,171,67,0 167,40,191,88,0 154,55,171,91,0 148,80,169,126,0 169,89,190,131,0 149,117,167,161,0 164,131,190,170,0 147,157,170,206,0 171,163,193,218,0 145,204,168,257,0 164,210,189,259,0 144,256,167,312,0 166,258,196,306,0 145,303,171,356,0 163,311,194,367,0 140,350,165,408,0 165,366,185,418,0 141,408,166,465,1 164,419,188,468,1 144,466,168,513,0 169,476,194,515,0
E:\jetsonnanoModel\yolov7-pytorch\VOCdevkit/VOC2007/JPEGImages/90.jpg 917,539,1045,787,0 974,646,1094,915,0 878,785,1021,985,0 989,924,1124,1163,0 874,1000,1017,1246,0 1030,1094,1161,1380,0 911,1263,1093,1539,0 1067,1372,1193,1648,0 965,1539,1106,1826,0 1087,1613,1224,1898,0 1002,1787,1141,2037,0 1119,1876,1248,2120,0 1030,1980,1152,2244,0 1130,2065,1291,2332,1 1054,2239,1174,2454,1 1156,2305,1295,2524,1 1082,2439,1206,2611,1 1161,2504,1282,2698,1
E:\jetsonnanoModel\yolov7-pytorch\VOCdevkit/VOC2007/JPEGImages/91.jpg 943,111,1101,413,0 1038,274,1189,489,0 887,374,1023,637,0 1011,445,1140,762,0 862,584,1040,908,0 835,864,1001,1172,0 977,867,1155,1186,0 828,1096,994,1494,0 996,1181,1162,1476,0 831,1462,1004,1789,0 931,1459,1111,1776,0 826,1745,960,2094,0 901,1769,1092,2074,0 784,2045,948,2330,0 906,2084,1079,2372,0 765,2330,911,2581,0 892,2379,1074,2625,0 750,2532,894,2817,1 850,2625,1035,2855,1 772,2806,962,3072,0
E:\jetsonnanoModel\yolov7-pytorch\VOCdevkit/VOC2007/JPEGImages/92.jpg 1499,586,1647,896,1 1430,793,1552,1000,1 1495,864,1676,1033,1 1333,930,1466,1191,1 1430,1046,1571,1248,1 1285,1143,1392,1419,1 1364,1243,1492,1465,1 1186,1364,1314,1679,1 1276,1481,1428,1696,1 1114,1598,1247,1877,1 1173,1686,1373,1931,1 1035,1819,1145,2088,1 1138,1905,1281,2124,1 976,2050,1076,2317,1 1045,2155,1212,2346,1 957,2284,1083,2541,1 1032,2279,1188,2536,1 949,2522,1076,2774,1 1009,2622,1180,2865,1
E:\jetsonnanoModel\yolov7-pytorch\VOCdevkit/VOC2007/JPEGImages/93.jpg 1121,106,1292,433,0 1110,389,1315,701,0 996,607,1152,853,0 1074,675,1269,956,0 950,848,1094,1119,0 1043,936,1252,1297,0 1025,1228,1232,1569,0 1001,1572,1204,1894,0 972,1843,1204,2141,0 857,1948,1026,2202,0 1045,2133,1196,2421,0 870,2187,1040,2492,0 1052,2402,1226,2650,1 901,2431,1043,2680,1 911,2643,1109,2921,1
E:\jetsonnanoModel\yolov7-pytorch\VOCdevkit/VOC2007/JPEGImages/94.jpg 1194,133,1392,452,0 1065,431,1210,748,0 1154,488,1333,735,0 1001,777,1166,1039,0 1147,734,1307,977,0 1002,1005,1145,1289,0 1116,981,1266,1281,0 880,1284,1030,1600,0 1045,1294,1204,1610,0 847,1579,1040,1860,0 1016,1560,1168,1858,0 828,1822,966,2129,0 961,1819,1138,2103,0 826,2065,990,2341,1 939,2082,1130,2355,1 738,2340,888,2622,1 909,2315,1057,2596,1 756,2597,892,2890,1 876,2596,1037,2858,1
E:\jetsonnanoModel\yolov7-pytorch\VOCdevkit/VOC2007/JPEGImages/95.jpg 1348,668,1523,963,1 1257,860,1387,1085,1 1370,985,1531,1260,1 1228,1000,1389,1270,1 1155,1182,1289,1433,1 1289,1231,1472,1473,1 1126,1380,1235,1660,1 1221,1434,1379,1726,1 1106,1660,1233,1946,1 1219,1690,1397,1951,1 1056,1882,1192,2146,1 1162,1960,1348,2192,1 1013,2085,1172,2385,1 1135,2165,1314,2424,1 1009,2358,1135,2609,1 1125,2378,1274,2663,1 979,2558,1133,2812,1 1133,2648,1274,2851,1 1026,2817,1206,3021,1
E:\jetsonnanoModel\yolov7-pytorch\VOCdevkit/VOC2007/JPEGImages/96.jpg 1085,74,1245,470,0 995,295,1121,591,0 1076,438,1221,729,0 949,579,1097,841,0 1052,688,1199,1012,0 919,793,1073,1107,0 1033,955,1211,1250,0 930,1067,1076,1341,0 1102,1205,1247,1521,0 970,1284,1144,1524,0 1071,1536,1238,1798,0 914,1560,1090,1852,0 1067,1762,1221,2000,0 952,1833,1123,2074,0 1076,2036,1228,2295,0 904,2107,1078,2336,0 1068,2274,1202,2512,0 892,2314,1040,2560,0 1034,2486,1200,2743,1 880,2545,1073,2802,1 1023,2733,1197,2957,0
E:\jetsonnanoModel\yolov7-pytorch\VOCdevkit/VOC2007/JPEGImages/97.jpg 997,76,1178,422,0 1035,392,1201,655,0 933,451,1060,708,0 1076,619,1213,899,0 917,662,1081,930,0 1060,896,1199,1199,0 924,933,1067,1244,0 1058,1130,1199,1453,0 940,1210,1083,1490,0 1058,1417,1208,1680,0 899,1426,1069,1687,0 1040,1679,1210,1972,0 906,1724,1078,2035,0 1058,1920,1199,2198,0 906,2003,1074,2215,0 919,2242,1065,2503,1 1046,2179,1165,2435,1 1040,2471,1172,2653,0
E:\jetsonnanoModel\yolov7-pytorch\VOCdevkit/VOC2007/JPEGImages/98.jpg 262,614,480,861,1 339,841,500,996,1 490,817,623,1033,1 441,1000,650,1209,1 648,1052,764,1291,1 593,1230,768,1434,1 773,1200,891,1471,1 704,1406,906,1631,1 893,1455,1043,1762,1 805,1696,1021,1909,1 1012,1711,1127,1993,1 918,1893,1123,2116,1 1118,1952,1245,2209,1 987,2093,1177,2352,1 1191,2177,1298,2430,1 1093,2327,1223,2559,1 1197,2398,1338,2637,1 1091,2509,1225,2743,1 1184,2602,1352,2857,1 1107,2748,1255,2957,1
E:\jetsonnanoModel\yolov7-pytorch\VOCdevkit/VOC2007/JPEGImages/99.jpg 614,732,762,1092,0 569,984,704,1204,0 657,1099,787,1319,0 562,1179,704,1424,0 647,1314,787,1546,0 559,1386,717,1656,0 669,1519,789,1744,0 554,1626,697,1894,0 697,1754,827,1979,0 549,1837,714,2137,0 652,2024,792,2277,0 522,2124,677,2412,0 649,2232,794,2477,0 514,2342,677,2629,0 659,2459,799,2694,0 537,2589,719,2852,1 672,2699,812,2902,1 547,2779,687,3012,1 649,2875,807,3110,1 577,3007,707,3199,1
